list(Species = structure(list(edge = structure(c(194L, 195L, 
195L, 196L, 197L, 198L, 199L, 199L, 200L, 200L, 201L, 201L, 202L, 
203L, 203L, 202L, 204L, 204L, 198L, 205L, 206L, 207L, 208L, 208L, 
207L, 206L, 209L, 210L, 210L, 211L, 212L, 212L, 213L, 213L, 211L, 
214L, 214L, 215L, 216L, 216L, 215L, 209L, 217L, 218L, 218L, 219L, 
220L, 220L, 221L, 221L, 219L, 217L, 205L, 222L, 223L, 223L, 224L, 
225L, 225L, 226L, 227L, 228L, 228L, 227L, 226L, 224L, 222L, 197L, 
229L, 229L, 230L, 231L, 231L, 232L, 233L, 234L, 234L, 235L, 236L, 
237L, 237L, 236L, 235L, 238L, 239L, 239L, 238L, 233L, 240L, 240L, 
241L, 241L, 242L, 242L, 232L, 243L, 243L, 230L, 244L, 245L, 246L, 
246L, 247L, 247L, 248L, 248L, 245L, 249L, 250L, 250L, 251L, 251L, 
252L, 252L, 249L, 253L, 254L, 255L, 255L, 254L, 256L, 256L, 257L, 
258L, 258L, 259L, 259L, 257L, 253L, 260L, 261L, 261L, 262L, 262L, 
260L, 263L, 264L, 265L, 265L, 264L, 266L, 266L, 263L, 244L, 267L, 
268L, 268L, 267L, 269L, 269L, 270L, 270L, 196L, 194L, 271L, 272L, 
272L, 271L, 273L, 273L, 274L, 275L, 276L, 277L, 277L, 278L, 279L, 
280L, 280L, 281L, 281L, 282L, 282L, 279L, 283L, 284L, 284L, 283L, 
285L, 285L, 286L, 286L, 287L, 288L, 288L, 289L, 289L, 287L, 290L, 
290L, 278L, 291L, 292L, 293L, 293L, 292L, 294L, 294L, 291L, 276L, 
275L, 274L, 295L, 296L, 297L, 298L, 299L, 300L, 300L, 299L, 301L, 
301L, 298L, 297L, 302L, 303L, 304L, 304L, 303L, 302L, 305L, 305L, 
296L, 306L, 307L, 308L, 309L, 309L, 310L, 311L, 311L, 310L, 312L, 
312L, 313L, 313L, 308L, 314L, 314L, 315L, 315L, 307L, 316L, 316L, 
317L, 317L, 306L, 318L, 318L, 319L, 319L, 320L, 320L, 321L, 321L, 
322L, 323L, 323L, 322L, 324L, 325L, 325L, 324L, 295L, 326L, 327L, 
327L, 328L, 328L, 326L, 329L, 330L, 331L, 331L, 332L, 332L, 333L, 
334L, 334L, 333L, 335L, 335L, 330L, 336L, 337L, 338L, 339L, 339L, 
338L, 337L, 336L, 340L, 341L, 342L, 342L, 341L, 340L, 343L, 343L, 
344L, 344L, 329L, 345L, 346L, 347L, 347L, 346L, 345L, 348L, 348L, 
349L, 350L, 351L, 351L, 352L, 353L, 353L, 352L, 350L, 354L, 354L, 
349L, 355L, 356L, 357L, 358L, 359L, 359L, 360L, 360L, 361L, 361L, 
358L, 362L, 362L, 357L, 356L, 355L, 363L, 363L, 364L, 364L, 365L, 
366L, 366L, 365L, 367L, 367L, 368L, 368L, 369L, 370L, 370L, 371L, 
372L, 373L, 374L, 374L, 373L, 372L, 375L, 376L, 377L, 377L, 376L, 
378L, 378L, 375L, 379L, 379L, 371L, 380L, 381L, 381L, 380L, 382L, 
382L, 383L, 383L, 369L, 384L, 385L, 385L, 384L, 195L, 1L, 196L, 
197L, 198L, 199L, 2L, 200L, 3L, 201L, 4L, 202L, 203L, 5L, 6L, 
204L, 7L, 8L, 205L, 206L, 207L, 208L, 9L, 10L, 11L, 209L, 210L, 
12L, 211L, 212L, 13L, 213L, 14L, 15L, 214L, 16L, 215L, 216L, 
17L, 18L, 19L, 217L, 218L, 20L, 219L, 220L, 21L, 221L, 22L, 23L, 
24L, 25L, 222L, 223L, 26L, 224L, 225L, 27L, 226L, 227L, 228L, 
28L, 29L, 30L, 31L, 32L, 33L, 229L, 34L, 230L, 231L, 35L, 232L, 
233L, 234L, 36L, 235L, 236L, 237L, 37L, 38L, 39L, 238L, 239L, 
40L, 41L, 42L, 240L, 43L, 241L, 44L, 242L, 45L, 46L, 243L, 47L, 
48L, 244L, 245L, 246L, 49L, 247L, 50L, 248L, 51L, 52L, 249L, 
250L, 53L, 251L, 54L, 252L, 55L, 56L, 253L, 254L, 255L, 57L, 
58L, 256L, 59L, 257L, 258L, 60L, 259L, 61L, 62L, 63L, 260L, 261L, 
64L, 262L, 65L, 66L, 263L, 264L, 265L, 67L, 68L, 266L, 69L, 70L, 
71L, 267L, 268L, 72L, 73L, 269L, 74L, 270L, 75L, 76L, 77L, 271L, 
272L, 78L, 79L, 273L, 80L, 274L, 275L, 276L, 277L, 81L, 278L, 
279L, 280L, 82L, 281L, 83L, 282L, 84L, 85L, 283L, 284L, 86L, 
87L, 285L, 88L, 286L, 89L, 287L, 288L, 90L, 289L, 91L, 92L, 290L, 
93L, 94L, 291L, 292L, 293L, 95L, 96L, 294L, 97L, 98L, 99L, 100L, 
101L, 295L, 296L, 297L, 298L, 299L, 300L, 102L, 103L, 301L, 104L, 
105L, 106L, 302L, 303L, 304L, 107L, 108L, 109L, 305L, 110L, 111L, 
306L, 307L, 308L, 309L, 112L, 310L, 311L, 113L, 114L, 312L, 115L, 
313L, 116L, 117L, 314L, 118L, 315L, 119L, 120L, 316L, 121L, 317L, 
122L, 123L, 318L, 124L, 319L, 125L, 320L, 126L, 321L, 127L, 322L, 
323L, 128L, 129L, 324L, 325L, 130L, 131L, 132L, 326L, 327L, 133L, 
328L, 134L, 135L, 329L, 330L, 331L, 136L, 332L, 137L, 333L, 334L, 
138L, 139L, 335L, 140L, 141L, 336L, 337L, 338L, 339L, 142L, 143L, 
144L, 145L, 340L, 341L, 342L, 146L, 147L, 148L, 343L, 149L, 344L, 
150L, 151L, 345L, 346L, 347L, 152L, 153L, 154L, 348L, 155L, 349L, 
350L, 351L, 156L, 352L, 353L, 157L, 158L, 159L, 354L, 160L, 161L, 
355L, 356L, 357L, 358L, 359L, 162L, 360L, 163L, 361L, 164L, 165L, 
362L, 166L, 167L, 168L, 169L, 363L, 170L, 364L, 171L, 365L, 366L, 
172L, 173L, 367L, 174L, 368L, 175L, 369L, 370L, 176L, 371L, 372L, 
373L, 374L, 177L, 178L, 179L, 375L, 376L, 377L, 180L, 181L, 378L, 
182L, 183L, 379L, 184L, 185L, 380L, 381L, 186L, 187L, 382L, 188L, 
383L, 189L, 190L, 384L, 385L, 191L, 192L, 193L), .Dim = c(384L, 
2L)),